 Interface input file
 LAST          1.000000E+00
 GMNMX     1   1.000000E+00
 GMNMX     2   1.000000E+06
 IWT           1.000000E+00
 NERFIT        0.000000E+00
 NINTT        -1.000000E+00
 NLINF         1.000000E+00
 IFORMY
 (1E11.4)
 IFORMT
 (1E11.4)
 DOUSNQ        1.000000E+00
 IUSER    10   2.000000E+00
 RUSER    10  -1.000000E+00
 NONNEG        1.000000E+00
 END
 NY      200
 1.0000E-06
 1.2000E-06
 1.4000E-06
 1.6000E-06
 2.0000E-06
 2.4000E-06
 5.0000E-06
 1.0000E-05
 1.5000E-05
 2.0000E-05
 2.5000E-05
 3.0000E-05
 3.5000E-05
 4.0000E-05
 4.5000E-05
 5.0000E-05
 5.5000E-05
 6.0000E-05
 6.5000E-05
 7.0000E-05
 7.5000E-05
 8.0000E-05
 8.5000E-05
 9.0000E-05
 9.5000E-05
 1.0000E-04
 1.0500E-04
 1.1000E-04
 1.1500E-04
 1.2000E-04
 1.2500E-04
 1.3000E-04
 1.3500E-04
 1.4000E-04
 1.4500E-04
 1.5000E-04
 1.5500E-04
 1.6500E-04
 1.7000E-04
 1.7500E-04
 1.8500E-04
 1.9000E-04
 2.0000E-04
 2.0500E-04
 2.1500E-04
 2.2500E-04
 2.3500E-04
 2.4500E-04
 2.5000E-04
 2.6500E-04
 2.7500E-04
 2.8500E-04
 2.9500E-04
 3.1000E-04
 3.2000E-04
 3.3500E-04
 3.4500E-04
 3.6000E-04
 3.7500E-04
 3.9000E-04
 4.0500E-04
 4.2500E-04
 4.4000E-04
 4.5500E-04
 4.7500E-04
 4.9500E-04
 5.1500E-04
 5.3500E-04
 5.6000E-04
 5.8000E-04
 6.0500E-04
 6.3000E-04
 6.5500E-04
 6.8000E-04
 7.0500E-04
 7.3500E-04
 7.6500E-04
 7.9500E-04
 8.3000E-04
 8.6000E-04
 8.9500E-04
 9.3500E-04
 9.7000E-04
 1.0100E-03
 1.0500E-03
 1.0950E-03
 1.1350E-03
 1.1850E-03
 1.2300E-03
 1.2800E-03
 1.3350E-03
 1.3850E-03
 1.4450E-03
 1.5000E-03
 1.5600E-03
 1.6250E-03
 1.6900E-03
 1.7600E-03
 1.8300E-03
 1.9050E-03
 1.9800E-03
 2.0600E-03
 2.1450E-03
 2.2300E-03
 2.3200E-03
 2.4150E-03
 2.5100E-03
 2.6150E-03
 2.7200E-03
 2.8300E-03
 2.9450E-03
 3.0600E-03
 3.1850E-03
 3.3150E-03
 3.4500E-03
 3.5900E-03
 3.7350E-03
 3.8850E-03
 4.0400E-03
 4.2050E-03
 4.3750E-03
 4.5500E-03
 4.7350E-03
 4.9250E-03
 5.1250E-03
 5.3300E-03
 5.5500E-03
 5.7700E-03
 6.0050E-03
 6.2500E-03
 6.5000E-03
 6.7650E-03
 7.0350E-03
 7.3200E-03
 7.6150E-03
 7.9250E-03
 8.2450E-03
 8.5750E-03
 8.9250E-03
 9.2850E-03
 9.6600E-03
 1.0050E-02
 1.0455E-02
 1.0880E-02
 1.1320E-02
 1.1775E-02
 1.2250E-02
 1.2745E-02
 1.3260E-02
 1.3795E-02
 1.4355E-02
 1.4935E-02
 1.5540E-02
 1.6165E-02
 1.6820E-02
 1.7500E-02
 1.8205E-02
 1.8940E-02
 1.9705E-02
 2.0505E-02
 2.1330E-02
 2.2195E-02
 2.3090E-02
 2.4025E-02
 2.4995E-02
 2.6005E-02
 2.7055E-02
 2.8150E-02
 2.9285E-02
 3.0470E-02
 3.1700E-02
 3.2985E-02
 3.4315E-02
 3.5700E-02
 3.7145E-02
 3.8645E-02
 4.0205E-02
 4.1830E-02
 4.3520E-02
 4.5280E-02
 4.7110E-02
 4.9015E-02
 5.0995E-02
 5.3055E-02
 5.5200E-02
 5.7430E-02
 5.9750E-02
 6.2165E-02
 6.4680E-02
 6.7290E-02
 7.0010E-02
 7.2840E-02
 7.5785E-02
 7.8845E-02
 8.2000E-02
 8.5350E-02
 8.8800E-02
 9.2400E-02
 9.6100E-02
 1.0000E-01
 3.6651E-01
 3.8319E-01
 3.7310E-01
 3.6663E-01
 3.7184E-01
 3.5532E-01
 3.6076E-01
 3.5319E-01
 3.4763E-01
 3.4303E-01
 3.3801E-01
 3.3225E-01
 3.2613E-01
 3.2200E-01
 3.1589E-01
 3.1201E-01
 3.0796E-01
 3.0204E-01
 2.9710E-01
 2.9352E-01
 2.8850E-01
 2.8425E-01
 2.7878E-01
 2.7569E-01
 2.6980E-01
 2.6628E-01
 2.6281E-01
 2.5945E-01
 2.5461E-01
 2.5059E-01
 2.4594E-01
 2.4235E-01
 2.3938E-01
 2.3491E-01
 2.3128E-01
 2.2765E-01
 2.2399E-01
 2.1762E-01
 2.1427E-01
 2.1042E-01
 2.0460E-01
 2.0182E-01
 1.9488E-01
 1.9208E-01
 1.8569E-01
 1.8113E-01
 1.7481E-01
 1.6918E-01
 1.6639E-01
 1.5836E-01
 1.5431E-01
 1.4865E-01
 1.4376E-01
 1.3773E-01
 1.3407E-01
 1.2829E-01
 1.2364E-01
 1.1828E-01
 1.1232E-01
 1.0726E-01
 1.0233E-01
 9.5905E-02
 9.1983E-02
 8.7579E-02
 8.3575E-02
 7.7904E-02
 7.2835E-02
 6.8638E-02
 6.3222E-02
 5.9810E-02
 5.4875E-02
 5.1617E-02
 4.7104E-02
 4.3593E-02
 3.9815E-02
 3.6591E-02
 3.3389E-02
 3.0531E-02
 2.7621E-02
 2.5804E-02
 2.2942E-02
 1.9723E-02
 1.7484E-02
 1.5120E-02
 1.3182E-02
 1.1679E-02
 1.0955E-02
 8.6477E-03
 7.2001E-03
 5.8820E-03
 5.3983E-03
 4.3219E-03
 4.1789E-03
 4.1579E-03
 2.1699E-03
 1.6192E-03
 1.4700E-03
 2.3006E-04
 7.7914E-04
 1.4177E-03
-2.9613E-05
-7.3455E-04
 4.0467E-04
 2.9495E-04
-8.5371E-04
 6.8322E-04
 5.9380E-04
-2.6546E-05
-2.4493E-04
-3.6739E-04
 5.9922E-04
 1.5054E-04
-1.1326E-04
-8.6173E-04
-2.3832E-05
 8.6114E-04
 7.5248E-04
-3.7530E-04
-2.7655E-04
-5.0330E-04
-9.0161E-04
-6.4063E-04
-2.0523E-03
-1.8827E-03
-2.3436E-03
-2.1360E-03
-1.7119E-03
-2.7559E-03
-2.4684E-03
-2.2433E-03
-3.3381E-03
-2.9637E-03
-2.4626E-03
-2.3555E-03
-2.7249E-03
-3.0527E-03
-2.0120E-03
-9.3252E-04
-1.2800E-03
-5.6395E-05
-5.0684E-04
-4.5281E-04
 2.4068E-04
 8.9535E-04
 1.5783E-03
-8.6362E-04
-1.3900E-03
-1.3660E-03
-1.3426E-04
 3.7435E-04
 4.6909E-04
-1.4637E-03
-7.3667E-04
-2.5019E-03
-1.4202E-03
-3.0191E-04
 8.0227E-05
 1.2270E-05
-1.2883E-03
-2.1884E-03
-2.3266E-04
-5.7645E-04
-1.4147E-03
 1.8334E-04
-1.4313E-03
 1.9939E-04
-1.2800E-03
 4.1199E-04
 1.0437E-03
 1.1071E-03
-3.7081E-04
-2.5158E-03
 6.9254E-04
-2.8603E-03
 5.3870E-04
-6.8830E-04
-1.6776E-03
 1.8853E-04
 9.1718E-04
-4.5210E-04
-1.1603E-03
-3.1312E-04
-5.9840E-03
-1.3922E-05
-2.6174E-03
-2.5932E-03
 6.2530E-06
-2.7655E-03
-1.5710E-03
-2.7948E-03
 9.6095E-04
-1.4903E-03
-5.5710E-04
-6.9679E-04
-8.5205E-04
-1.9781E-03
-1.1903E-03
-7.0399E-04
-7.4139E-04
 2.6144E-04
